[Settings]
Master=0.755642
SFX=0.634151
Music=0.755642
ACV=0.755642
Subtitles=false


