[Settings]
Master=0.543811
SFX=0.431666
Music=0.543811
ACV=0.543811
Subtitles=false


